NUM_KERNELS= 14
5 LOW PASS 1 SIZE 3
SIZE= 3 SIG_DIG= 2
.11 .11 .11 
.11 .11 .11 
.11 .11 .11
5 LOW PASS 2 SIZE 3
SIZE= 3 SIG_DIG= 1
.1 .1 .1 
.1 .2 .1 
.1 .1 .1 
5 LOW PASS 3 SIZE 3
SIZE= 3 SIG_DIG= 4
.0625 .125 .0625 
.125 .25 .125 
.0625 .125 .0625
5 HIGH PASS 1 SIZE 3
SIZE= 3 SIG_DIG= 1
0. -1. 0. 
-1. 5. -1. 
0. -1. 0.
5 HIGH PASS 2 SIZE 3
SIZE= 3 SIG_DIG= 1
-1. -1. -1. 
-1. 9. -1. 
-1. -1. -1.
5 HIGH PASS 3 SIZE 3
SIZE= 3 SIG_DIG= 1
-1. -1. -1. 
-1. 8. -1. 
-1. -1. -1.
5 NO PASS 1 SIZE 3
SIZE= 3 SIG_DIG= 1
0.0 0.0 0.0 
0.0 1.0 0.0 
0.0 0.0 0.0 
5 LOW PASS 4 SIZE 5
SIZE= 5 SIG_DIG= 2
.04 .04 .04 .04 .04 
.04 .04 .04 .04 .04 
.04 .04 .04 .04 .04 
.04 .04 .04 .04 .04 
.04 .04 .04 .04 .04 
5 LOW PASS 5 SIZE 5
SIZE= 5 SIG_DIG= 5
.03125 .03125 .03125 .03125 .03125 
.03125 .03125 .0625 .03125 .03125 
.03125 .0625 .125 .0625 .03125 
.03125 .03125 .0625 .03125 .03125 
.03125 .03125 .03125 .03125 .03125 
5 LOW PASS 6 SIZE 5
SIZE= 5 SIG_DIG= 2
.02 .02 .04 .02 .02 
.02 .04 .08 .04 .02
.04 .08 .12 .08 .04 
.02 .04 .08 .04 .02 
.02 .02 .04 .02 .02 
5 HIGH PASS 4 SIZE 5
SIZE= 5 SIG_DIG= 1
0. 0. -1. 0. 0. 
0. -1. -2. -1. 0. 
-1. -2. 17. -2. -1.
0. -1. -2. -1. 0. 
0. 0. -1. 0. 0. 
5 HIGH PASS 5 SIZE 5
SIZE= 5 SIG_DIG= 1
0. -1. -1. -1. 0.
-1. -2. -3. -2. -1.
-1. -3. 33. -3. -1. 
-1. -2. -3. -2. -1.
0. -1. -1. -1. 0.
5 HIGH PASS 6 SIZE 5
SIZE= 5 SIG_DIG= 1
0. -1. -1. -1. 0.
-1. -2. -3. -2. -1.
-1. -3. 32. -3. -1.
-1. 2. -3. -2. -1.
0. -1. -1. -1. 0.
5 NO PASS 2 SIZE 5
SIZE= 5 SIG_DIG= 1
0.0 0.0 0.0 0.0 0.0 
0.0 0.0 0.0 0.0 0.0 
0.0 0.0 1.0 0.0 0.0 
0.0 0.0 0.0 0.0 0.0 
0.0 0.0 0.0 0.0 0.0 

